vm. METRORVM ΤΑΒνΙ-Α.

hexametri: 3. 5. 7. 10. 12. 1419. 26. 31. 44-46, 59. 65-67. 72. 76.
78. 80. 81. 87. 92. 101. 108. 109. 115. 157-166. 174. 178-
181. 213. 262. 270. 271. 2721). 280. 281. 283. 285. 290. 294.
304-306. 312. 320. 322. 342. 344. 349-351. 354. 355. 361.
365. 368. 375. 379. 380. 3855. 389. 390. 392. 401-404. 408
(7). 415. 416. 420. 422. 427-429. 438. 441. 444. 445. 449.
450. 4525. 454, 456-458. 460. 472. 475. 479. 480. 484. 502
ab. 503. 513. 520-522. 526. 535. 537. 540. 541. 544. 584.
586-588. 590. 591. 594. 601. 607-610. 612. 618. 620. 632..
633-637, 6450). 647—650. 652. 656. 658-661. 671. 675.
mmmfflmmmmmmmm
714. 726. 727. 729-732. 738. 739. 741. 742. 747. 757. 760.
772. 775-778. 784. 789. 732. 800. 805. 8075. 808. 809. 819.
820. 8275. 840. 865. 870871. 875. 887. 891. 892. 896. 897.
899. 908. 911. 918-922. 925. 934. 936. 941. 946. 950-952.
960. 962(1). 963. 970. 971. 997-999. 1009. 1011. 1013. 1016.
1019. 1023-1026. 102755 v. 30 sqq. 1028. 1029.1031-1034
(v. 1-4. 15-32). 1035-1038. 1041. 1042. 1046. 1055. 1057
-1060, 1062-1069. 1071. 1074. 1076. 1082.1091.1094.1098.
1100.1105.1110. 1113. 1116. 1120. 1121. 1123. 1124. 1128.
1134. 1136. 1140. 3664551815. 1975. 3135. 3335. 4615. 4635.
6465. 9035. 10295. praef. 11005.
hexametro subiecta tripodia dactylica 188. 800.
‚, subiecti pentametri tres 113.
„ senarii duo 282. 360. 798.
hexametris singulis subiectiainguli senarii (pythiamb. ll) 211.
„ „ „ „ dimetri iambici 154. 155.
„ duobus subiectus pentameter 52. 132. 171. 370. 400. 662. 666.
687. 823 (bis). 1008.

 

